# Behold! The Battletower position management file. Below, you see all data accumulated by AtomicStrykers Battletowers during the last run of this World.
# Data is noted as follows: Each line stands for one successfull Battletower spawn. Data syntax is:
# xCoordinate yCoordinate zCoordinate towerType towerUnderground
# everything but the last value is an integer value. Towertypes values are:
# 0: Null, 1: Cobblestone, 2: Mossy Cobblestone, 3: Sandstone, 4: Ice, 5: Smoothstone, 6: Nether, 7: Jungle
#
# DO NOT EDIT THIS FILE UNLESS YOU ARE SURE OF WHAT YOU ARE DOING
#
# the primary function of this file is to enable regeneration or removal of spawned Battletowers.
# that is possible via commands /regenerateallbattletowers and /deleteallbattletowers.
# do not change values once towers have spawned! Either do that before creating a World (put this file in a world named folder)...
# ... or use /deletebattletowers, exit the game, modify this file any way you want, load the world, then use /regeneratebattletowers!
-224 62 -160 2 false
-224 62 48 2 false
-96 50 208 1 false
-48 62 -64 2 false
80 67 96 3 false
128 62 -160 2 false
-272 62 304 2 false
-400 68 144 1 false
-400 62 -64 2 false
-48 62 -272 2 false
-496 66 320 1 false
80 63 304 1 false
-576 90 544 5 true
-368 67 480 1 false
-112 66 432 3 false
208 75 -368 1 false
96 62 512 2 false
272 62 -16 2 false
336 62 -208 2 false
432 62 -384 2 false
480 62 -64 2 false
-224 62 624 2 false
-624 50 160 1 false
256 62 208 2 false
272 62 416 2 false
-432 69 688 3 false
-32 62 672 2 false
-624 67 736 3 true
-496 63 896 3 false
-720 63 912 1 true
-272 58 816 3 false
-320 51 1008 5 false
-112 66 976 1 false
-704 53 368 1 false
-784 55 576 1 true
64 63 864 1 false
208 66 704 1 false
208 52 1008 1 false
32 66 1120 6 false
-608 55 1088 5 false
-432 61 1184 1 false
-832 65 1104 1 false
-944 67 704 3 true
-880 62 1296 2 true
-624 51 1296 6 true
-784 72 1472 3 true
-592 50 1520 1 true
-960 68 1600 3 false
-768 53 1680 5 true
-912 72 352 3 false
-544 62 1712 2 true
-400 72 1568 5 true
-384 62 1840 2 true
-672 62 1872 2 true
-1072 62 544 2 false
-224 70 1680 1 true
-1120 59 800 3 false
-1264 62 496 2 false
-176 62 1872 2 true
-160 65 1440 3 false
-1120 62 352 2 false
-944 56 912 1 true
-1344 62 816 3 false
-32 64 1728 3 true
16 62 1536 2 true
16 70 1328 1 false
-352 62 1376 2 false
-176 62 1232 3 false
-1168 66 992 1 false
-1024 57 1152 3 true
-1344 63 1088 3 true
-1200 61 1280 3 true
448 62 144 2 false
496 62 336 2 false
640 62 96 2 false
688 62 400 2 true
-1104 62 1456 3 true
-1168 68 1648 1 false
-1072 67 1824 1 false
-1264 67 1888 5 true
-1104 62 2032 2 false
-912 64 1952 3 false
-864 62 2144 2 false
-1360 67 1696 5 true
-1456 62 1936 2 false
-784 62 -16 2 false
-592 66 -128 1 false
-800 62 -240 2 false
-448 63 -272 1 false
-624 52 -368 1 false
-352 62 -448 2 false
-800 68 -480 1 false
-656 51 -640 1 false
-928 65 -640 1 true
-976 62 -384 2 false
-928 70 -864 1 false
-704 75 -848 4 false
-480 62 2016 2 false
-1520 68 1200 1 true
-1504 65 960 5 false
-1392 57 1360 1 true
-1600 63 1392 5 false
-1536 63 1584 3 false
-1312 67 2080 3 false
-1504 62 2144 1 false
-1616 63 1808 1 false
-1664 62 2000 2 false
-1728 62 2192 2 false
-1808 64 1856 1 false
-1872 62 2048 2 false
-1744 63 1648 1 false
-1968 62 1600 2 false
-2000 64 1808 6 false
-2160 62 1648 2 false
-2160 70 1936 1 false
-2320 56 1808 5 false
-2336 78 2064 6 false
-2112 54 2128 6 false
-2272 62 2256 2 false
-2512 62 1968 2 false
-2464 62 2320 2 false
-2112 62 2384 2 false
-2304 62 2464 2 false
-1328 78 2288 1 false
-1584 62 2336 2 false
-1536 64 2528 1 false
-1328 69 2496 1 false
-1728 62 2480 2 false
-1680 70 2672 1 false
-1440 62 2704 2 true
-1872 62 2624 2 false
-1888 62 2352 2 false
-1264 62 2800 2 true
-1168 62 2624 3 true
-1056 68 2800 1 true
-992 55 2512 1 false
-672 62 2080 5 true
-352 62 2176 2 true
192 62 1424 2 true
208 68 1216 3 true
384 69 1104 3 false
384 62 1312 2 true
368 62 1520 2 true
400 71 896 3 false
560 62 1200 2 false
576 70 992 1 true
-960 62 160 2 false
656 63 784 3 true
448 62 672 5 false
-1056 71 2224 5 false
-864 62 2352 2 true
96 63 1888 1 true
-800 64 2560 6 true
176 62 1696 2 true
-48 62 2032 2 true
-848 66 2768 5 false
272 62 1984 2 true
-656 62 2704 2 false
-608 62 2496 2 false
128 62 2128 2 false
352 70 1792 1 true
480 62 1952 2 false
512 62 1664 2 true
768 74 1040 5 false
848 62 832 2 false
976 70 1024 1 false
1040 75 736 1 false
976 62 544 2 false
1184 62 576 2 false
1152 62 912 2 false
1280 62 752 2 false
1376 64 528 1 false
1472 62 704 3 false
1584 50 512 1 false
1712 63 672 2 false
1488 62 336 2 false
1696 90 288 1 false
1312 78 208 1 false
1488 62 96 2 false
1232 62 16 2 false
1168 57 352 1 false
1584 62 -80 2 false
1392 62 -128 2 false
1536 62 -272 2 false
1344 62 -320 2 false
1488 62 -464 2 false
1232 63 -496 2 false
-1824 62 1456 2 false
-624 62 2272 2 true
-720 62 2928 2 false
-2032 62 1408 2 false
-2352 62 1600 2 false
-448 62 2368 2 true
-1680 62 1072 2 false
-448 53 -624 1 false
-480 67 -832 5 false
-336 70 -992 1 false
-544 70 -1024 5 false
-736 60 -1072 5 false
-416 70 -1184 1 false
1696 64 1536 5 false
-224 69 -816 1 false
-160 52 -1104 1 false
-272 63 -1376 1 false
-80 68 -1296 1 false
-448 54 -1472 1 false
48 55 -1120 5 true
96 73 -1392 1 true
-1216 62 2992 2 true
-976 63 2992 3 false
-2592 71 2160 1 false
-2640 62 2416 2 false
-2144 62 2592 2 false
-3184 64 2464 1 true
-2944 62 2512 2 false
-3120 62 2656 2 false
-3344 63 2608 1 false
672 62 -128 2 false
656 63 1808 1 false
704 63 1600 6 false
832 62 1904 2 true
848 54 256 1 false
1968 63 -1792 1 false
2096 68 -1632 5 false
2160 62 -1840 2 false
1888 62 -1600 6 false
1792 62 -1888 1 false
2288 75 -1584 1 false
2352 65 -1776 5 false
2496 74 -1568 6 false
2496 57 -1920 1 false
2624 68 -1728 1 false
2656 62 -1440 1 false
2352 76 -1392 5 false
2592 68 -1248 5 false
2784 58 -1600 1 false
2800 62 -1296 2 false
2944 62 -1472 1 false
3008 64 -1280 1 false
3152 53 -1424 1 true
3184 64 -1168 5 true
3088 65 -1616 1 false
3056 62 -1008 2 true
3312 62 -1008 2 false
3344 70 -1504 1 false
3376 58 -1248 6 false
3504 64 -1072 1 false
3552 65 -1344 3 false
3680 62 -1184 1 false
3744 64 -1392 3 false
3776 62 -1008 2 false
3872 67 -1232 1 false
3968 62 -1056 2 false
4016 62 -1376 2 false
4112 62 -1200 2 false
4224 62 -1392 2 false
4288 62 -1104 2 false
4144 62 -960 2 false
4384 62 -928 2 false
3840 53 -816 1 false
4400 62 -1280 2 false
4496 62 -1104 2 false
4576 62 -880 2 false
4688 62 -1056 2 false
4784 62 -880 3 false
4848 62 -1184 3 false
4944 59 -1008 6 false
5056 72 -1200 3 false
5088 51 -864 1 false
5184 62 -1040 2 false
5216 64 -1328 1 false
4960 53 -1376 5 false
5120 64 -1504 3 false
5344 62 -1168 2 false
5376 92 -1504 1 false
5472 62 -1328 2 false
5584 62 -1504 2 false
5600 62 -1168 2 false
5712 62 -1344 2 false
5744 62 -1024 2 false
5472 62 -1008 2 true
5856 62 -1200 2 false
5616 56 -864 1 true
5904 62 -896 2 false
6016 62 -1072 2 false
6096 62 -848 2 false
6192 62 -1184 2 false
6240 62 -992 1 true
6384 65 -1136 3 false
6384 64 -848 3 true
6528 63 -992 6 true
6576 71 -1184 5 false
6672 55 -848 3 true
6752 68 -1088 3 false
6736 66 -640 5 true
6864 66 -896 3 true
6544 62 -688 2 true
6928 62 -704 2 true
7024 66 -1024 1 false
7104 70 -832 3 true
7024 63 -528 3 true
6864 66 -400 3 false
7200 50 -656 1 true
7296 73 -480 3 false
7344 63 -800 3 true
7440 63 -624 3 true
7232 68 -992 3 true
7520 67 -896 3 true
7616 68 -720 3 true
7408 55 -1088 3 false
7184 70 -1184 3 false
7360 62 -1280 2 false
7184 62 -1392 2 false
7536 62 -1376 2 false
7360 62 -1488 2 false
7520 62 -1616 2 false
7200 62 -1616 2 false
7360 62 -1744 2 false
1024 62 144 6 true
7520 62 -1872 2 false
7216 62 -1888 2 false
7376 62 -2016 2 false
784 63 592 1 false
7648 62 -2032 2 false
7696 62 -1776 5 false
7504 62 -2176 2 false
7744 62 -2208 2 false
7600 62 -2352 2 false
7840 62 -2384 2 false
7504 62 -2528 2 false
7712 62 -2544 2 false
7616 62 -2720 2 false
7824 62 -2720 2 false
7456 62 -2848 2 false
7712 62 -2896 2 false
7552 62 -3024 2 false
7760 62 -3088 2 false
7424 62 -3184 2 true
7616 62 -3232 2 true
7808 62 -3280 2 false
7664 62 -3424 2 true
7856 62 -3472 2 false
7712 62 -3616 2 false
7952 62 -3648 2 false
8032 62 -3376 2 false
8128 62 -3744 2 false
8160 62 -3536 2 false
7856 62 -3824 2 false
8032 62 -3920 2 false
8240 62 -3920 2 false
8128 62 -4096 2 false
8336 71 -4096 3 false
8448 62 -3920 2 false
8480 73 -4240 1 false
8672 66 -4160 3 false
8640 62 -3872 2 false
8496 62 -3728 2 false
8784 62 -3728 2 false
8800 62 -4000 2 false
8944 62 -3856 2 true
8992 62 -4080 2 false
9136 62 -3936 2 true
9184 62 -4128 2 false
9328 62 -3984 2 true
9376 70 -4208 3 false
9520 73 -4048 3 false
9584 58 -4272 1 false
9712 59 -4112 1 false
9776 67 -4336 3 false
9888 68 -4000 3 false
9936 71 -4208 3 false
9968 64 -4416 1 false
10080 87 -4064 1 false
10128 62 -4288 3 true
10224 69 -4464 3 false
9680 51 -4512 3 false
10272 55 -4144 1 true
10368 63 -3968 1 false
10464 54 -4224 6 false
10560 62 -4048 1 true
10528 64 -3840 1 false
10720 69 -3920 5 false
10752 65 -4144 1 true
10304 55 -3776 1 false
10576 67 -3648 5 false
10768 64 -3728 1 false
10912 79 -4016 1 false
10928 62 -4240 1 true
10256 68 -3584 1 true
10448 62 -3488 2 false
10640 62 -3440 1 false
11072 63 -3888 1 false
11120 108 -4128 6 true
11280 53 -3984 1 true
11312 69 -4224 5 true
11216 63 -3744 1 false
11408 77 -3824 1 false
11472 78 -4080 5 false
11600 62 -3920 2 false
11664 68 -4160 5 false
11792 75 -3968 1 false
11872 62 -4160 1 true
11984 50 -3920 1 false
12080 82 -4256 1 false
12128 71 -4064 1 true
12272 63 -4336 6 false
12320 66 -4128 1 true
12480 53 -4352 5 false
12544 104 -4112 4 false
12672 52 -4272 6 false
12752 59 -4080 1 false
12464 68 -3920 1 false
12224 75 -3888 1 false
12672 85 -3872 6 true
12864 74 -4336 6 false
12880 62 -3920 2 false
12960 56 -4160 1 false
13056 64 -4400 1 false
13152 68 -4224 6 false
13264 67 -4416 1 false
13168 74 -4016 1 false
13344 59 -4144 1 false
13440 62 -4320 2 true
13472 55 -3984 1 false
13568 62 -4160 2 true
13424 72 -3792 1 false
13616 63 -3840 5 false
13712 62 -4016 2 false
13840 62 -4176 2 false
13856 69 -3872 5 false
13984 62 -4032 2 false
14048 62 -4224 2 false
14176 62 -3984 2 false
14128 62 -4416 2 false
14240 62 -4176 2 false
13920 63 -4384 3 false
14320 70 -4480 3 false
14416 62 -4304 2 false
14480 62 -4608 2 true
14576 56 -4432 1 false
14672 62 -4656 2 true
14768 71 -4368 3 false
14848 70 -4560 1 true
14976 64 -4384 3 false
15024 62 -4656 2 false
15152 69 -4496 5 false
15280 64 -4336 1 false
15376 81 -4544 1 false
15488 62 -4368 2 false
15584 65 -4544 2 false
15760 50 -4448 1 false
15776 62 -4656 2 false
15872 69 -4272 1 false
15952 62 -4528 2 false
16064 62 -4352 2 false
16096 67 -4672 1 false
16224 63 -4512 3 false
16304 54 -4720 6 false
16416 53 -4464 1 false
16496 62 -4656 2 false
16624 59 -4480 1 false
16656 62 -4784 1 false
16784 62 -4624 2 false
16880 53 -4832 5 false
16944 62 -4496 2 false
17040 50 -4688 1 false
4240 62 -784 2 false
4032 62 -768 2 false
